-5.267267172962389887e-01
-5.011481253526336443e-01
-5.330735736243497058e-01
-3.816178257792851580e-01
-4.810205167341925769e-02
-1.087106337316864069e-01
-2.117005179226112421e-01
-7.107964337693757628e-02
1.441287703129220388e-01
1.043852824381034244e-01
1.559108171790553332e-01
6.402775290906508043e-02
1.321361442691522947e-01
9.074032081089684898e-02
1.980372977963538172e-01
1.309064966771445737e-01
5.274522871482960340e-02
1.510073558189264920e-01
3.401730932021839598e-02
2.408058876447745911e-01
1.322903567208911224e-01
