3.205549595474549562e+01
3.200922390177542809e+01
3.192470756863205139e+01
3.181728272987858475e+01
3.170409949137582117e+01
3.159922859713546472e+01
3.151132948262605282e+01
3.144373801428704951e+01
3.139580526346346545e+01
3.136449303420356216e+01
3.134575688168559537e+01
3.133557819755772655e+01
3.133061374907292418e+01
3.132846906290902922e+01
3.132766170972882946e+01
3.132740232279122239e+01
3.132733316275053781e+01
3.132731846677391374e+01
3.132731613272420290e+01
3.132731588635256514e+01
3.132731587338563628e+01
