6.490427335353923866e+01
6.430824104629368776e+01
6.382733289765146623e+01
6.379916977437908798e+01
6.379737543474109174e+01
6.379706297162941553e+01
6.379696464417780533e+01
6.379692359203368568e+01
6.379690376171196675e+01
6.379689353258410023e+01
6.379688820757032630e+01
6.379688552968757875e+01
6.379688427422730967e+01
6.379688374171396958e+01
6.379688354276532891e+01
6.379688347902128243e+01
6.379688346203954552e+01
6.379688345843184294e+01
6.379688345785888970e+01
6.379688345779839409e+01
6.379688345779521086e+01
