6.835885093525493517e+01
6.766489640756486779e+01
6.730058029003227205e+01
6.729253563891450085e+01
6.729166674293428230e+01
6.729148796141971900e+01
6.729143869593443128e+01
6.729142106093286202e+01
6.729141343043374945e+01
6.729140976004457286e+01
6.729140792696871642e+01
6.729140702609977609e+01
6.729140660868637269e+01
6.729140643259928822e+01
6.729140636696033084e+01
6.729140634594634207e+01
6.729140634034952484e+01
6.729140633916057368e+01
6.729140633897175405e+01
6.729140633895183043e+01
6.729140633895077883e+01
