7.268982631377701864e+01
7.222558040692005932e+01
7.211003279382289577e+01
7.210827181550354226e+01
7.210817051701928904e+01
7.210815460938846400e+01
7.210815026541919792e+01
7.210814862855508522e+01
7.210814788733995329e+01
7.210814751966692882e+01
7.210814733257201681e+01
7.210814723965302164e+01
7.210814719636644554e+01
7.210814717806005092e+01
7.210814717122897832e+01
7.210814716904127408e+01
7.210814716845851535e+01
7.210814716833472460e+01
7.210814716831505677e+01
7.210814716831298199e+01
7.210814716831286830e+01
