6.387908538102463041e+01
6.323921792399020347e+01
6.273318911285021215e+01
6.271344514168885809e+01
6.271200723335367400e+01
6.271172528889162123e+01
6.271163680281862440e+01
6.271160087376813408e+01
6.271158389993401983e+01
6.271157526953376049e+01
6.271157081521478460e+01
6.271156858585707283e+01
6.271156754322459648e+01
6.271156710148387248e+01
6.271156693652518044e+01
6.271156688368056820e+01
6.271156686960323157e+01
6.271156686661258561e+01
6.271156686613762332e+01
6.271156686608750164e+01
6.271156686608485842e+01
