7.137553973558893006e+01
7.086120153520319320e+01
7.077067463398869052e+01
7.076911354432391477e+01
7.076892565746922514e+01
7.076889208807801879e+01
7.076888380420498947e+01
7.076888097679737655e+01
7.076887977948669572e+01
7.076887920980549040e+01
7.076887892692805337e+01
7.076887878832472722e+01
7.076887872419919745e+01
7.076887869716604484e+01
7.076887868709185625e+01
7.076887868386698699e+01
7.076887868300811135e+01
7.076887868282565819e+01
7.076887868279666804e+01
7.076887868279361271e+01
7.076887868279345639e+01
