3.014870055194011655e+01
3.010650182666040564e+01
3.003144043402183883e+01
2.994040482498910549e+01
2.985083328889674448e+01
2.977472968918765872e+01
2.971675093681323432e+01
2.967605913616846891e+01
2.964932386071958348e+01
2.963281730181494567e+01
2.962330148761796522e+01
2.961824465564764353e+01
2.961580697741671031e+01
2.961475968350745092e+01
2.961436634286886616e+01
2.961424007531519464e+01
2.961420641737801418e+01
2.961419926579359085e+01
2.961419812997717216e+01
2.961419801008581132e+01
2.961419800377574063e+01
