2.822374479244611578e+01
2.818033246846575679e+01
2.810155257483255298e+01
2.800250049691833709e+01
2.789968635666398100e+01
2.780614365959313972e+01
2.772929569975989494e+01
2.767136172510020131e+01
2.763098853502904007e+01
2.760497138906963954e+01
2.758954924932657349e+01
2.758121888900374685e+01
2.757716850257194352e+01
2.757542128610629817e+01
2.757476396470838154e+01
2.757455282743663005e+01
2.757449653604156481e+01
2.757448457476432679e+01
2.757448267505283823e+01
2.757448247452806811e+01
2.757448246397413527e+01
