2.778711029409488020e+01
2.773522166955855894e+01
2.764057352538836909e+01
2.752052741382407319e+01
2.739439271922231001e+01
2.727788075986401495e+01
2.718052849407132499e+01
2.710588321443844961e+01
2.705307654240703386e+01
2.701864417661997564e+01
2.699806709584992959e+01
2.698689691674356084e+01
2.698145115677591832e+01
2.697909900727800903e+01
2.697821362975475878e+01
2.697792918369218285e+01
2.697785334287162584e+01
2.697783722731895750e+01
2.697783466781006112e+01
2.697783439763999525e+01
2.697783438342052165e+01
