2.580396923596673986e+01
2.576800816229861368e+01
2.570253801809644756e+01
2.561970695309426205e+01
2.553288629415938260e+01
2.545284391203261265e+01
2.538605005022075289e+01
2.533487168397452649e+01
2.529867672735007744e+01
2.527507714988020382e+01
2.526097322184867977e+01
2.525331653441232049e+01
2.524958354707734642e+01
2.524797114979929091e+01
2.524736421820116306e+01
2.524716922805056996e+01
2.524711723847946843e+01
2.524710619111878174e+01
2.524710443655161640e+01
2.524710425134752256e+01
2.524710424159994204e+01
