2.799982402603047760e+01
2.795300950540701024e+01
2.786784301340107106e+01
2.776031051204028444e+01
2.764808679355329701e+01
2.754541614204976696e+01
2.746071436974324342e+01
2.739674402701041345e+01
2.735219003230221446e+01
2.732353551253066826e+01
2.730658713786182545e+01
2.729744770161968148e+01
2.729300843518595698e+01
2.729109444727314582e+01
2.729037454268534901e+01
2.729014332173056800e+01
2.729008167734857437e+01
2.729006857870607661e+01
2.729006649835887899e+01
2.729006627876708535e+01
2.729006626720961748e+01
