-5.017317859417947945e-01
-9.276157612684564346e-02
-1.327125433023941103e-03
-1.415213356100095121e-04
-3.422175962954991229e-05
-6.590885460611971200e-06
-4.989415768279195248e-06
-5.630864461449966236e-06
-1.737970341009089521e-06
-2.214151779227038293e-06
-4.666241634684825653e-06
-4.396001624847983204e-06
-2.206262047795881923e-06
-3.633392535327633552e-06
-1.900463708839459748e-06
-2.122830051636321310e-06
-1.831383058970169416e-06
-1.751156644747403576e-06
-5.573292764948215559e-07
-2.732509558798732415e-06
-1.506527176173085258e-06
