-8.395471662026732673e+00
-1.886826740891613063e+00
-3.984294934614478895e-03
-1.592297099380331551e-04
-2.688662240875328013e-05
-6.077436033468178178e-06
-1.944526833551427775e-06
-7.864076740245456304e-07
-3.566568062542086956e-07
-1.670061576527028836e-07
-7.640688259139840309e-08
-3.283561038346127000e-08
-1.284947147066963251e-08
-4.455406830224358850e-09
-1.331941836531458584e-09
-3.326110554641926640e-10
-6.650227037272149156e-11
-9.974705164057096871e-12
-9.974604277455933138e-13
-4.987296811633639927e-14
0.000000000000000000e+00
