7.418001007482327225e+01
7.376603003808725134e+01
7.367813298104370290e+01
7.367706078753280963e+01
7.367694724256250538e+01
7.367692474231333222e+01
7.367691902981206908e+01
7.367691705675166247e+01
7.367691621587363215e+01
7.367691581428547920e+01
7.367691561444068782e+01
7.367691551640331227e+01
7.367691547101780714e+01
7.367691545187932434e+01
7.367691544474629950e+01
7.367691544246285673e+01
7.367691544185467478e+01
7.367691544172548390e+01
7.367691544170497764e+01
7.367691544170281759e+01
7.367691544170270390e+01
