4.643217513186986878e+01
4.633264055593654973e+01
4.623668902053444896e+01
4.614420056455423236e+01
4.605505791601495957e+01
4.596914653599841216e+01
4.588635465323243068e+01
4.580657328116491556e+01
4.572969622533084078e+01
4.565562007637004172e+01
4.558424419981322018e+01
4.551547070718822852e+01
4.544920443277025868e+01
4.538535289391047911e+01
4.532382625608367732e+01
4.526453729380169477e+01
4.520740135146248662e+01
4.515233630621592908e+01
4.509926253022747744e+01
4.504810286102393491e+01
4.499878257003031479e+01
