4.708121577184734008e+01
4.695630926651951143e+01
4.683509190399684030e+01
4.671748034061194232e+01
4.660338996004777812e+01
4.649273547798937045e+01
4.638543149635286511e+01
4.628139300893049324e+01
4.618053586152585410e+01
4.608277717351878522e+01
4.598803572351172875e+01
4.589623230982068947e+01
4.580729008906845934e+01
4.572113490827004512e+01
4.563769563730482304e+01
4.555690451230493920e+01
4.547869750590452753e+01
4.540301474762398470e+01
4.532980100987782635e+01
4.525900628504757606e+01
4.519058649761210233e+01
