6.042205960387916264e+01
6.031107045212910123e+01
6.020380124045623660e+01
6.010009694070048170e+01
5.999980921985531523e+01
5.990279623160339639e+01
5.980892239773448438e+01
5.971805818316362036e+01
5.963007986758196211e+01
5.954486931620603940e+01
5.946231375161839594e+01
5.938230552829962505e+01
5.930474191112249116e+01
5.922952485880430373e+01
5.915656081308452485e+01
5.908576049420223342e+01
5.901703870308914901e+01
5.895031413056081249e+01
5.888550917367915361e+01
5.882254975936884023e+01
5.876136517529625536e+01
