6.025569619172200220e+01
6.014612521084885799e+01
6.004019859680423110e+01
5.993777063468530031e+01
5.983870100123407099e+01
5.974285473194446183e+01
5.965010215624276668e+01
5.956031880674350987e+01
5.947338530777259535e+01
5.938918724762674373e+01
5.930761503839586624e+01
5.922856376660850941e+01
5.915193303746075060e+01
5.907762681495371027e+01
5.900555325988330679e+01
5.893562456729637233e+01
5.886775680474103467e+01
5.880186975239368508e+01
5.873788674593355097e+01
5.867573452285524382e+01
5.861534307275649525e+01
