-5.633468618288951513e-01
-5.126271478104525992e-01
-4.635609199075835796e-01
-4.100007350082066071e-01
-3.589992154627637544e-01
-3.133607028138203354e-01
-2.659428581508826994e-01
-2.196613415043857653e-01
-1.778039806833477954e-01
-1.314292786843797023e-01
-8.964298509235996137e-02
-5.251483305158773096e-02
-1.190923122734138806e-02
2.861213953352454917e-02
6.263241736279925864e-02
1.027999237387599435e-01
1.395176702905929766e-01
1.794321391792684794e-01
2.089304408620690501e-01
2.411417164706660676e-01
2.732462860235468360e-01
