-1.762664987114293202e+00
-1.550718476979851435e+00
-1.609404131652600434e+00
-1.370288039195610708e+00
-1.257307572367341919e+00
-1.259065537792381839e+00
-1.115986596244347151e+00
-1.033906844470965147e+00
-9.630210473278578709e-01
-8.572873131700974314e-01
-8.010708390776983823e-01
-6.408398544981217526e-01
-6.261773798626613097e-01
-6.067124147262905609e-01
-4.755657480709291063e-01
-3.927593166527711954e-01
-3.082070156817873774e-01
-2.568207960958415748e-01
-1.516389157983385194e-01
-7.672421707709009553e-02
0.000000000000000000e+00
