3.298732295869302789e+01
3.293474214830181523e+01
3.288346156108374885e+01
3.283344797895758660e+01
3.278466836910875770e+01
3.273708998277213311e+01
3.269068044031178744e+01
3.264540780383481433e+01
3.260124063852779130e+01
3.255814806384292837e+01
3.251609979559117392e+01
3.247506617992531375e+01
3.243501822012065361e+01
3.239592759698609825e+01
3.235776668366561637e+01
3.232050855552059687e+01
3.228412699571812539e+01
3.224859649708810139e+01
3.221389226075564949e+01
3.217999019200179589e+01
3.214686689375746909e+01
