-9.048664797777481450e-01
-2.633135331260264000e-01
8.979238590653375596e-01
2.194179454886471703e+00
3.396270634279625167e+00
4.445983091559452482e+00
5.201326972215707833e+00
5.715481582426913398e+00
6.159919206296859961e+00
6.333598807141672005e+00
6.446108850636023568e+00
6.521388102290234912e+00
6.579486115809383584e+00
6.610102558092640912e+00
6.567862594906046958e+00
6.582763149867301600e+00
6.581288812756140416e+00
6.599325742366005443e+00
6.563768693001983401e+00
6.615918180232894130e+00
6.579299036824058255e+00
