-1.292756945605541574e+01
-1.247477922799632211e+01
-1.051795103813005205e+01
-8.123140110044282380e+00
-6.917644432596805615e+00
-4.838047468667324047e+00
-3.350775240864306337e+00
-2.179948803380244993e+00
-1.322098122361259342e+00
-6.907277635397461868e-01
-3.483078497511158944e-01
-1.607341188491122064e-01
-6.330118164260077618e-02
-2.237317008240254090e-02
-6.473999528606679509e-03
-1.694842257662330931e-03
-3.348955357199511862e-04
-4.921233977520158849e-05
-5.013154086641593807e-06
-2.506576925211153566e-07
0.000000000000000000e+00
