7.013291952565188581e+01
6.948553628540342686e+01
6.835870050646386176e+01
6.703815603276976276e+01
6.579056361449254098e+01
6.476597462638146396e+01
6.399926489318340828e+01
6.346252241797324700e+01
6.310772163323206030e+01
6.288685304489725070e+01
6.275864570853897817e+01
6.269020356604965372e+01
6.265712632778811297e+01
6.264289785351953554e+01
6.263755116769890208e+01
6.263583448603397841e+01
6.263537685986619863e+01
6.263527962274366701e+01
6.263526417947284131e+01
6.263526254935414528e+01
6.263526246355846183e+01
