-5.547632691595294485e-01
-4.588475388544613898e-01
-3.597683459132512973e-01
-2.555006627301775746e-01
-1.621205821230976563e-01
-7.674793749731917414e-02
-5.627989511685209736e-03
5.069946952952470581e-02
5.956841999356597694e-02
8.174316462968693464e-02
1.140571108419021484e-01
9.758026177251231947e-02
9.983950381844855504e-02
1.138630901434771886e-01
1.130940889163483537e-01
1.065814673779587746e-01
9.963561278649749053e-02
1.035955783375343969e-01
1.047944665690249966e-01
1.080076356463292170e-01
1.123418959926373306e-01
