-1.582141377319245645e+00
-1.407847281583540555e+00
-1.150811973286269385e+00
-8.809882413561935799e-01
-7.213049606791703816e-01
-5.040051838350529945e-01
-3.276619091263731631e-01
-2.073411238755409891e-01
-1.231142582284049658e-01
-5.994571854555932888e-02
-2.737093007637549091e-02
-1.231896418106037498e-02
-4.808270710677095203e-03
-1.410313605435299612e-03
-4.024745356955287305e-04
-1.033852852732093793e-04
-2.043999331958209033e-05
-2.795672437848001151e-06
-2.895433398677817865e-07
-1.277374943185944888e-08
0.000000000000000000e+00
