3.162902402287949855e+01
3.154829922720218605e+01
3.144664382510008593e+01
3.133977437954638390e+01
3.124046896260449913e+01
3.115660187331362607e+01
3.109129873928575449e+01
3.104414378157421339e+01
3.101257310186892369e+01
3.099306302798596846e+01
3.098201649556560611e+01
3.097634028426545072e+01
3.097372282976402147e+01
3.097265389546591763e+01
3.097227344869494203e+01
3.097215784581642950e+01
3.097212868181564716e+01
3.097212281581006010e+01
3.097212193360331867e+01
3.097212184539487367e+01
3.097212184099602439e+01
