2.492492616532853589e+01
2.488597040302688157e+01
2.481522643497202907e+01
2.472606130363663723e+01
2.463301732098440766e+01
2.454762204988090701e+01
2.447664837859488784e+01
2.442244746427641644e+01
2.438421155378035721e+01
2.435932564748125984e+01
2.434447015485500287e+01
2.433641095973900192e+01
2.433248315482349966e+01
2.433078689985879350e+01
2.433014844847571823e+01
2.432994333719652147e+01
2.432988864949796692e+01
2.432987702883076153e+01
2.432987518321050402e+01
2.432987498839527518e+01
2.432987497814184152e+01
