1.010589599609375000e-01
1.010589599609375000e-01
1.010589599609375000e-01
1.010589599609375000e-01
1.010589599609375000e-01
1.010589599609375000e-01
1.010589599609375000e-01
1.010589599609375000e-01
1.010589599609375000e-01
1.010589599609375000e-01
1.010589599609375000e-01
1.010589599609375000e-01
1.010589599609375000e-01
1.010589599609375000e-01
1.010589599609375000e-01
1.010589599609375000e-01
1.010589599609375000e-01
1.010589599609375000e-01
1.010589599609375000e-01
1.010589599609375000e-01
1.010589599609375000e-01
