9.931945800781250000e-02
9.931945800781250000e-02
9.931945800781250000e-02
9.931945800781250000e-02
9.931945800781250000e-02
9.931945800781250000e-02
9.931945800781250000e-02
9.931945800781250000e-02
9.931945800781250000e-02
9.931945800781250000e-02
9.931945800781250000e-02
9.931945800781250000e-02
9.931945800781250000e-02
9.931945800781250000e-02
9.931945800781250000e-02
9.931945800781250000e-02
9.931945800781250000e-02
9.931945800781250000e-02
9.931945800781250000e-02
9.931945800781250000e-02
9.931945800781250000e-02
