6.626892089843750000e-02
6.600952148437500000e-02
6.527709960937500000e-02
6.451416015625000000e-02
6.356811523437500000e-02
6.271362304687500000e-02
6.208801269531250000e-02
6.178283691406250000e-02
6.152343750000000000e-02
6.130981445312500000e-02
6.124877929687500000e-02
6.124877929687500000e-02
6.124877929687500000e-02
6.124877929687500000e-02
6.123352050781250000e-02
6.123352050781250000e-02
6.123352050781250000e-02
6.123352050781250000e-02
6.123352050781250000e-02
6.123352050781250000e-02
6.123352050781250000e-02
