4.174804687500000000e-02
4.151916503906250000e-02
4.100036621093750000e-02
4.057312011718750000e-02
4.017639160156250000e-02
3.964233398437500000e-02
3.936767578125000000e-02
3.901672363281250000e-02
3.887939453125000000e-02
3.881835937500000000e-02
3.874206542968750000e-02
3.869628906250000000e-02
3.865051269531250000e-02
3.863525390625000000e-02
3.863525390625000000e-02
3.863525390625000000e-02
3.863525390625000000e-02
3.863525390625000000e-02
3.863525390625000000e-02
3.863525390625000000e-02
3.863525390625000000e-02
