3.538513183593750000e-02
3.529357910156250000e-02
3.544616699218750000e-02
3.576660156250000000e-02
3.614807128906250000e-02
3.648376464843750000e-02
3.656005859375000000e-02
3.669738769531250000e-02
3.674316406250000000e-02
3.677368164062500000e-02
3.681945800781250000e-02
3.686523437500000000e-02
3.688049316406250000e-02
3.688049316406250000e-02
3.688049316406250000e-02
3.688049316406250000e-02
3.688049316406250000e-02
3.688049316406250000e-02
3.688049316406250000e-02
3.688049316406250000e-02
3.688049316406250000e-02
