3.913879394531250000e-02
3.932189941406250000e-02
3.956604003906250000e-02
3.996276855468750000e-02
4.066467285156250000e-02
4.107666015625000000e-02
4.145812988281250000e-02
4.182434082031250000e-02
4.200744628906250000e-02
4.209899902343750000e-02
4.220581054687500000e-02
4.225158691406250000e-02
4.229736328125000000e-02
4.231262207031250000e-02
4.231262207031250000e-02
4.231262207031250000e-02
4.231262207031250000e-02
4.231262207031250000e-02
4.231262207031250000e-02
4.231262207031250000e-02
4.231262207031250000e-02
