4.379272460937500000e-02
4.434204101562500000e-02
4.507446289062500000e-02
4.576110839843750000e-02
4.667663574218750000e-02
4.760742187500000000e-02
4.824829101562500000e-02
4.859924316406250000e-02
4.888916015625000000e-02
4.910278320312500000e-02
4.919433593750000000e-02
4.924011230468750000e-02
4.925537109375000000e-02
4.927062988281250000e-02
4.927062988281250000e-02
4.927062988281250000e-02
4.927062988281250000e-02
4.927062988281250000e-02
4.927062988281250000e-02
4.927062988281250000e-02
4.927062988281250000e-02
