5.088806152343750000e-02
5.128479003906250000e-02
5.229187011718750000e-02
5.343627929687500000e-02
5.462646484375000000e-02
5.551147460937500000e-02
5.621337890625000000e-02
5.662536621093750000e-02
5.708312988281250000e-02
5.720520019531250000e-02
5.726623535156250000e-02
5.734252929687500000e-02
5.735778808593750000e-02
5.735778808593750000e-02
5.735778808593750000e-02
5.735778808593750000e-02
5.735778808593750000e-02
5.735778808593750000e-02
5.735778808593750000e-02
5.735778808593750000e-02
5.735778808593750000e-02
