5.509948730468750000e-02
5.561828613281250000e-02
5.668640136718750000e-02
5.789184570312500000e-02
5.897521972656250000e-02
6.037902832031250000e-02
6.134033203125000000e-02
6.190490722656250000e-02
6.240844726562500000e-02
6.260681152343750000e-02
6.282043457031250000e-02
6.288146972656250000e-02
6.250000000000000000e-02
6.251525878906250000e-02
6.253051757812500000e-02
6.254577636718750000e-02
6.254577636718750000e-02
6.254577636718750000e-02
6.254577636718750000e-02
6.254577636718750000e-02
6.254577636718750000e-02
