-8.256525715572585744e-01
-1.393508945377368025e-01
1.091463270552989195e+00
2.297014119989686964e+00
3.510595467334674868e+00
4.529408188666878665e+00
5.117574756145681469e+00
5.750052590588245138e+00
5.966691812603750478e+00
6.182591749325031749e+00
6.352950399425573380e+00
6.357598077818965798e+00
6.528631944674095244e+00
6.471524595332796892e+00
6.467653250949847887e+00
6.494869502307339282e+00
6.477990831767191260e+00
6.430156848342934772e+00
6.430553863394025349e+00
6.384711218383550602e+00
6.416749607372813635e+00
