-1.355176177101406410e+01
-1.254651252635951408e+01
-1.063265598435079085e+01
-8.735858156221915749e+00
-6.012118077045465192e+00
-4.836680083901434557e+00
-3.182152501910707532e+00
-2.139629510032283299e+00
-1.260598291772846880e+00
-6.820839096967915571e-01
-3.491287613554788227e-01
-1.566405276020683968e-01
-5.752542254983598197e-02
-2.219667069598690867e-02
-6.316346780203951385e-03
-1.687054075116241900e-03
-3.227060671436004363e-04
-5.034200994576846567e-05
-5.043001592328200377e-06
-2.492271809539587900e-07
0.000000000000000000e+00
