6.870173880711500658e+01
6.803321100268489374e+01
6.689129737398404529e+01
6.558788200112488198e+01
6.438750477145315187e+01
6.342094657199775298e+01
6.270731267863811098e+01
6.221199716501497790e+01
6.188631302282334445e+01
6.168421481556354280e+01
6.156711893982919293e+01
6.150467149395971944e+01
6.147450686158255451e+01
6.146153434013307759e+01
6.145666008363300392e+01
6.145509514170946375e+01
6.145467797022744350e+01
6.145458932922418427e+01
6.145457525120318110e+01
6.145457376519392767e+01
6.145457368698294687e+01
