6.465148925781250000e-02
6.454467773437500000e-02
6.404113769531250000e-02
6.414794921875000000e-02
6.468200683593750000e-02
6.518554687500000000e-02
6.587219238281250000e-02
6.642150878906250000e-02
6.678771972656250000e-02
6.715393066406250000e-02
6.735229492187500000e-02
6.729125976562500000e-02
6.735229492187500000e-02
6.736755371093750000e-02
6.738281250000000000e-02
6.738281250000000000e-02
6.738281250000000000e-02
6.738281250000000000e-02
6.738281250000000000e-02
6.738281250000000000e-02
6.738281250000000000e-02
