-3.699914740786200973e-01
-3.882672815286097312e-01
-2.828025783261501891e-01
-1.977238884536814123e-01
-1.731038897287145994e-01
-1.108309540747059174e-01
-8.065240861302894193e-02
-4.540407132936352674e-02
-2.501130345617427753e-02
-1.350811426841391771e-02
-7.188967282625706792e-03
-3.049082064312991398e-03
-1.136951116035146963e-03
-3.851642962549902804e-04
-1.195981121969603295e-04
-2.578301825265826236e-05
-4.455267172673633725e-06
-7.058440990329857584e-07
-7.305901732877910888e-08
-3.150057531095464791e-09
0.000000000000000000e+00
