1.770095101652680341e+03
1.760618971597274822e+03
1.748968816880450959e+03
1.737076524286529548e+03
1.726363631777610181e+03
1.717574828561584127e+03
1.710897059105018798e+03
1.706165549262651666e+03
1.703040158644376106e+03
1.701125709444936547e+03
1.700047500620854407e+03
1.699495082161528217e+03
1.699240716084891574e+03
1.699136903261654879e+03
1.699099964379957328e+03
1.699088741074428299e+03
1.699085909759134211e+03
1.699085340275899398e+03
1.699085254629652809e+03
1.699085246066217451e+03
1.699085245639169671e+03
