1.767236756466061934e+03
1.757781882473492715e+03
1.746171519405676690e+03
1.734333865095706869e+03
1.723680955772381367e+03
1.714948114762909881e+03
1.708316513899972279e+03
1.703619460063785027e+03
1.700517570597097119e+03
1.698617794917413903e+03
1.697547940369645175e+03
1.696999826958136509e+03
1.696747448765323270e+03
1.696644448252043503e+03
1.696607798548656774e+03
1.696596663120069934e+03
1.696593853974660306e+03
1.696593288950670740e+03
1.696593203975064398e+03
1.696593195478684493e+03
1.696593195054978878e+03
