1.784788270734006574e+03
1.775038157685781471e+03
1.763026732633487882e+03
1.750738808261219447e+03
1.739647325926401663e+03
1.730532991546501307e+03
1.723599303677649914e+03
1.718682160081410075e+03
1.715432252636219346e+03
1.713440802115361976e+03
1.712318986217959264e+03
1.711744159232704305e+03
1.711479459862501244e+03
1.711371427050052262e+03
1.711332986222571435e+03
1.711321306534547148e+03
1.711318360084238975e+03
1.711317767442910963e+03
1.711317678313845590e+03
1.711317669402177671e+03
1.711317668957763090e+03
