1.773757930168245593e+03
1.764260226953398615e+03
1.752576466169254672e+03
1.740640048493325821e+03
1.729877641205270493e+03
1.721040671076904573e+03
1.714321521021929811e+03
1.709558121563946315e+03
1.706410480944693518e+03
1.704481933576727897e+03
1.703395627363068797e+03
1.702839016218789084e+03
1.702582709550660184e+03
1.702478102907788752e+03
1.702440881313366845e+03
1.702429572083527319e+03
1.702426719090070947e+03
1.702426145246450915e+03
1.702426058944431588e+03
1.702426050315428256e+03
1.702426049885110615e+03
