-3.887495685405776280e-01
-3.576945554570440389e-01
-3.299692493376007452e-01
-3.043126654660220365e-01
-2.782469253784199958e-01
-2.543043784367076676e-01
-2.269239501406966619e-01
-2.040616166242136820e-01
-1.835090341139315739e-01
-1.607133411655236599e-01
-1.425435743222324136e-01
-1.209191261226840314e-01
-1.001073698414405716e-01
-8.279322421216508965e-02
-6.570554334285168274e-02
-4.701632798853752626e-02
-3.220068052109489182e-02
-1.218103941057769798e-02
3.103691770995131889e-03
1.147554995944720206e-02
3.209963113560455883e-02
