-1.154214309212689082e+00
-1.284073254140947640e+00
-9.612863274345451181e-01
-9.731153803629795096e-01
-1.201457314526880982e+00
-8.271886839878183073e-01
-1.012240053352133629e+00
-7.409311039239225849e-01
-7.644819595130898371e-01
-7.339168685485889521e-01
-4.705241265965065534e-01
-4.263676097112720775e-01
-5.674245908606228017e-01
-4.623189589909996178e-01
-2.855550137206924743e-01
-2.359540739002245480e-01
-2.179774760416299806e-01
-1.384212420974766933e-01
-1.159026336872298613e-01
-6.294401213593864286e-02
0.000000000000000000e+00
