2.569059460353196300e+01
2.566124077070703180e+01
2.563301997615945282e+01
2.560588200985790408e+01
2.557977914516632012e+01
2.555466601425751705e+01
2.553049948766884114e+01
2.550723855674213070e+01
2.548484422158497864e+01
2.546327938261549662e+01
2.544250873760343623e+01
2.542249868308981675e+01
2.540321722142711991e+01
2.538463387156610906e+01
2.536671958627519174e+01
2.534944667123383866e+01
2.533278871276703370e+01
2.531672050578817945e+01
2.530121798946114353e+01
2.528625818435556738e+01
2.527181913407990521e+01
