4.553732132879297900e+00
4.538728428081404864e+00
4.524329910658580367e+00
4.510511666334823921e+00
4.497249122128903487e+00
4.484518182340092807e+00
4.472295338504490125e+00
4.460557755566327387e+00
4.449283336852596804e+00
4.438450770540055323e+00
4.428039560244715567e+00
4.418030042205898233e+00
4.408403391323536979e+00
4.399141618068426851e+00
4.390227558040955103e+00
4.381644855717217624e+00
4.373377943700174519e+00
4.365412018591857901e+00
4.357733014422312756e+00
4.350327574412096610e+00
4.343183021706909841e+00
