7.252707904812440574e+03
7.211024755722286500e+03
7.159849831526144953e+03
7.107707244925707528e+03
7.060831989564332616e+03
7.022452148298917564e+03
6.993341062104256707e+03
6.972742261025707194e+03
6.959148887027447927e+03
6.950827592322925739e+03
6.946142873333674288e+03
6.943743170960020507e+03
6.942638321960107533e+03
6.942187427905439108e+03
6.942026992840858838e+03
6.941978247443819782e+03
6.941965950412848542e+03
6.941963477021813560e+03
6.941963105041344534e+03
6.941963067848482751e+03
6.941963065993706550e+03
