7.248867823582945675e+03
7.207071983776248999e+03
7.155791078357903643e+03
7.103577430721918972e+03
7.056670033432857963e+03
7.018286024218357852e+03
6.989184880804910790e+03
6.968599839582591812e+03
6.955018557272983344e+03
6.946705834130032599e+03
6.942026328847054174e+03
6.939629404981153129e+03
6.938525859741601380e+03
6.938075502192249587e+03
6.937915258644330606e+03
6.937866571500660939e+03
6.937854289170066295e+03
6.937851818736028690e+03
6.937851447200278926e+03
6.937851410051882340e+03
6.937851408199323487e+03
