4.543935082051774543e+00
4.529054455391225531e+00
4.514777336815321895e+00
4.501078479388683995e+00
4.487933051311046917e+00
4.475316759843725123e+00
4.463205951096523627e+00
4.451577687601610656e+00
4.440409806007836302e+00
4.429680957377919448e+00
4.419370632548737632e+00
4.409459174885791199e+00
4.399927782572146562e+00
4.390758502351643777e+00
4.381934216416824235e+00
4.373438623907938805e+00
4.365256218278606326e+00
4.357372261590797713e+00
4.349772756629171511e+00
4.342444417572313142e+00
4.335374639825809950e+00
