2.341169461205508284e+01
2.331252291235142593e+01
2.313614771137194026e+01
2.292085937296193521e+01
2.270497698054354885e+01
2.251518479763716485e+01
2.236378849423021364e+01
2.225214150003170488e+01
2.217546686224660135e+01
2.212649064521146158e+01
2.209760222796146678e+01
2.208203850033596893e+01
2.207448079398656660e+01
2.207122251766765686e+01
2.206999701044614426e+01
2.206960340055014314e+01
2.206949846280047112e+01
2.206947616487845920e+01
2.206947262348732153e+01
2.206947224967450794e+01
2.206947223000015867e+01
