-6.698806841974924708e-01
-5.438249818093798815e-01
-4.012601973357941554e-01
-2.345595860486092699e-01
-9.304239890502107035e-02
2.687253124400026255e-02
9.532304738695931978e-02
1.966239910417697245e-01
2.377731353319511576e-01
2.747087383552438422e-01
2.825195935118988144e-01
2.864044053352683417e-01
3.173402671251144835e-01
2.807120806529203039e-01
2.975800969107850191e-01
2.761446458085115574e-01
2.687818779689074566e-01
3.003793268951471251e-01
2.963219959816383309e-01
3.024130650202771498e-01
2.934118260865392069e-01
