-1.666477313985347042e+00
-1.443797402346922443e+00
-1.261122366397385397e+00
-1.161698563556885055e+00
-7.815291226649599965e-01
-5.359981880993494041e-01
-3.262886092670840843e-01
-2.082344910920938819e-01
-1.198782622461192354e-01
-6.437422636293962941e-02
-2.920523175155653739e-02
-1.369645729857198527e-02
-4.808825670424147700e-03
-1.549893328705768221e-03
-4.735568979891054695e-04
-1.106267413232533883e-04
-2.183166644227801288e-05
-3.097549440174117125e-06
-2.534640769790248839e-07
-1.334983371891386226e-08
0.000000000000000000e+00
