3.413512642493657978e+01
3.402238380471128920e+01
3.387895090966431866e+01
3.372641704526161277e+01
3.358308790618961126e+01
3.346085730452628582e+01
3.336493854115405355e+01
3.329527474244711982e+01
3.324844733959829313e+01
3.321943437713184721e+01
3.320298219059809952e+01
3.319452124966195328e+01
3.319061806865845199e+01
3.318902376790305198e+01
3.318845629587121948e+01
3.318828385908292944e+01
3.318824035685435092e+01
3.318823160686280005e+01
3.318823029092403232e+01
3.318823015934839304e+01
3.318823015278687905e+01
