-1.692276077252906408e+00
-1.454633354976904602e+00
-1.292215721830651809e+00
-8.672170524509307254e-01
-8.461069020841087696e-01
-4.955793730247693984e-01
-3.696396141301258043e-01
-1.928461940190988877e-01
-1.277219044303854190e-01
-5.544803493983675030e-02
-3.054570782034764925e-02
-1.238755303886013119e-02
-5.042307823973322944e-03
-1.615838044654638143e-03
-4.673964579661776982e-04
-9.891609528401379230e-05
-1.765659992763402779e-05
-3.111720082247158285e-06
-2.835579367974527305e-07
-1.279333370502321935e-08
0.000000000000000000e+00
