-1.511265423182820977e-01
-1.191851455735574161e-01
-1.065854772910384690e-01
-8.704940515747008889e-02
-6.543295253911872444e-02
-4.133691992119305214e-02
-2.104252875312354401e-02
8.180878852653587427e-03
-2.027411625792298333e-02
1.877416634522005058e-03
1.377230521563679866e-02
1.748357044672014388e-02
-1.448456879917327245e-02
7.930034838674873340e-03
-7.117085639667671687e-03
1.574745956163454627e-02
2.605622812792376258e-02
9.284681200491745959e-03
3.320396194918600989e-03
1.028543580126892350e-02
5.981032827997736188e-03
