-1.791679558919987425e+00
-1.318729830212163279e+00
-1.282632900316214464e+00
-9.987619107035411448e-01
-7.383420123566210025e-01
-5.205453734237974750e-01
-3.558803521886046983e-01
-1.989649947645895089e-01
-1.143946967155605871e-01
-6.069724195878874184e-02
-2.600788792896727153e-02
-1.182496870883473564e-02
-4.609227195346884964e-03
-1.732911698939252568e-03
-4.415329859538788841e-04
-1.002410311697313514e-04
-2.026269689484822212e-05
-3.148913940704071358e-06
-2.848075889241011989e-07
-1.269165797604319404e-08
0.000000000000000000e+00
