1.226409721193123126e+01
1.224634123322761070e+01
1.222347419980521188e+01
1.219879109298437569e+01
1.217522952172182293e+01
1.215483584474507239e+01
1.213862772822554348e+01
1.212673854180054889e+01
1.211868940545126350e+01
1.211367877420609318e+01
1.211082929758772941e+01
1.210936157529050838e+01
1.210868395837496792e+01
1.210840708109016539e+01
1.210830851644583106e+01
1.210827856436258898e+01
1.210827100796897682e+01
1.210826948807903491e+01
1.210826925949785782e+01
1.210826923664290611e+01
1.210826923550315648e+01
