-8.482096303940924731e-01
-2.197514189367718584e-01
4.010287918491481918e-01
9.662572127078866702e-01
1.512756507312024379e+00
2.007549637506678586e+00
2.472877021717581059e+00
2.910380199837832027e+00
3.323200881744462709e+00
3.704597965692651762e+00
4.055092760658302709e+00
4.383612930575059075e+00
4.707442287099858014e+00
5.005972653229720848e+00
5.252495027501933755e+00
5.533898797377966972e+00
5.778159405523330072e+00
6.015429685615608868e+00
6.221673207157227381e+00
6.416354361350810720e+00
6.613011786197980690e+00
