-1.329767968222425445e+01
-1.250812008475071657e+01
-1.175834667146613377e+01
-1.092777800251452547e+01
-1.015398626322205899e+01
-9.328197470609669750e+00
-7.950950288062577087e+00
-7.947766583478792057e+00
-7.006441870240694314e+00
-6.343677240618606383e+00
-5.909684482710334308e+00
-4.951198587278387464e+00
-4.343130488827966929e+00
-4.052172411706393973e+00
-3.301193699219496569e+00
-2.694605364627113531e+00
-2.207130208201048660e+00
-1.690428410808062276e+00
-1.094789662676113995e+00
-5.499842588451986369e-01
0.000000000000000000e+00
