7.047852868370451063e+01
6.982929448827907493e+01
6.922153982280289597e+01
6.865254300961939293e+01
6.811993869398831691e+01
6.762154341538605706e+01
6.715526948981585065e+01
6.671909241224408049e+01
6.631104614467803060e+01
6.592923056805241799e+01
6.557182243645532083e+01
6.523708554533594395e+01
6.492337832465511838e+01
6.462915840031274683e+01
6.435298431744467962e+01
6.409351488972419020e+01
6.384950670875303302e+01
6.361981031933768094e+01
6.340336549646748665e+01
6.319919597810262957e+01
6.300640392930031197e+01
