-5.917942519920552646e-01
-4.714930747328612282e-01
-5.644713761288370213e-01
-3.262299780279586114e-01
-2.341478278662731394e-01
-2.862982877170959783e-01
-1.771869666433969204e-01
-3.808006725234048227e-03
-4.868259503194724558e-02
1.896364253920563084e-02
4.598403642106286410e-02
1.107364475809966831e-01
1.445982884937190016e-02
-2.520893852953203992e-02
4.220090811885719023e-02
8.138057257702327463e-02
-1.787139518522638804e-02
3.686776866608429404e-02
6.776554306739439315e-02
1.128220082437062927e-01
9.573001575037776156e-02
