-1.576434489240206016e+00
-1.717821008425699514e+00
-1.321599975964281359e+00
-1.162588480455521545e+00
-8.791652685051285498e-01
-6.357859142377211281e-01
-4.858040845725152268e-01
-3.236510527849951191e-01
-1.830432767133683691e-01
-9.998678355973880660e-02
-4.656972211596304562e-02
-2.317104614786550526e-02
-9.090415513813796325e-03
-3.172316507189579075e-03
-9.412175850330916846e-04
-2.299551698997065300e-04
-4.332711567924613718e-05
-6.959604419666871024e-06
-7.013223859003985163e-07
-3.307156056036740996e-08
0.000000000000000000e+00
