3.050220449885621576e+01
3.046863581690688250e+01
3.040764279365265566e+01
3.033068031909425599e+01
3.025022373897171946e+01
3.017620904344059340e+01
3.011453854329008806e+01
3.006732886814091898e+01
3.003395661721118159e+01
3.001220218930622607e+01
2.999920210373826635e+01
2.999214488099242715e+01
2.998870419513210095e+01
2.998721805718309241e+01
2.998665865218986681e+01
2.998647893107255769e+01
2.998643101263774113e+01
2.998642083036064676e+01
2.998641921318805004e+01
2.998641904248669476e+01
2.998641903350241833e+01
