-6.273798650997416404e-01
-5.743300406099287603e-01
-4.943806600919609107e-01
-3.868661451008405527e-01
-3.105682290970774306e-01
-1.737281698335973179e-01
-1.324774947032472117e-01
-3.333147805725593382e-02
-3.709148098680974202e-03
5.156332977049996047e-02
3.787917758611181879e-02
3.451119422936572978e-02
4.945538998704010480e-02
6.332532052658622346e-02
3.256226662221373830e-02
4.797299802621615011e-02
5.136342973963253095e-02
4.305719981458937945e-02
1.669882726897007480e-02
3.771970355184838669e-02
5.304855204059465840e-02
