-1.723479350036056346e+00
-1.460043083939579267e+00
-1.323939812448960973e+00
-1.214793420206277563e+00
-9.378029156611538131e-01
-6.991561474712516544e-01
-4.654201840618910624e-01
-3.045558170752369342e-01
-1.799847998582542463e-01
-9.589462395182002385e-02
-4.686796327524600514e-02
-2.302868777241822568e-02
-8.533994922072142206e-03
-3.183973420102495858e-03
-9.287233711390650154e-04
-2.537481461008916765e-04
-4.940820955345614937e-05
-6.429312284536508648e-06
-6.777960378390516918e-07
-3.617591022347840364e-08
0.000000000000000000e+00
