3.161090656741706084e+01
3.156962317889097847e+01
3.149418137723231581e+01
3.139821028351284227e+01
3.129698241785992252e+01
3.120307363877407170e+01
3.112427006655953221e+01
3.106361228978420996e+01
3.102056367885244015e+01
3.099242699373312604e+01
3.097558523097466576e+01
3.096643388682194242e+01
3.096197003777501067e+01
3.096004152059533254e+01
3.095931552805066644e+01
3.095908227899341014e+01
3.095902008792477034e+01
3.095900687279345220e+01
3.095900477393483641e+01
3.095900455238889748e+01
3.095900454072859276e+01
