4.479142502652296542e+01
4.469422003397505705e+01
4.460000568940320420e+01
4.450869491956106572e+01
4.442020130979615544e+01
4.433443945473392489e+01
4.425132526087476492e+01
4.417077620286419659e+01
4.409271153645934760e+01
4.401705247198984949e+01
4.394372231208531332e+01
4.387264655698334082e+01
4.380375298101283477e+01
4.373697168340239472e+01
4.367223511628301225e+01
4.360947809242266260e+01
4.354863777478776399e+01
4.348965365047568099e+01
4.343246748872765295e+01
4.337702328719699096e+01
4.332326720382393148e+01
