-5.116239087660733320e-01
-4.695287088289268329e-01
-4.048045444328337017e-01
-2.996892679674266757e-01
-2.092695480357295024e-01
-1.028482092559399180e-01
-4.039447554246645977e-02
2.461471340109570860e-02
6.510327229624961187e-02
6.647159661067300607e-02
8.215331590054249233e-02
1.035401720048136909e-01
1.078350913551303220e-01
1.259022190470255320e-01
9.663795349598951201e-02
1.110227730257227347e-01
1.113600488392629401e-01
8.906346542850947234e-02
8.474258280589272441e-02
1.023549667810685765e-01
1.446974969985545256e-01
