-1.226955599319867529e+00
-1.485534435336041348e+00
-1.270745165393086573e+00
-1.053452293375821025e+00
-9.993099450811513407e-01
-6.444011881710193235e-01
-3.554627902734995848e-01
-2.464993973409890238e-01
-1.904592210376800931e-01
-8.390638096296533510e-02
-4.159389040114982311e-02
-1.712997655021522569e-02
-7.183698996058038647e-03
-2.856637448534168986e-03
-9.430190217851985553e-04
-2.023578456067638242e-04
-4.550122084219828517e-05
-6.513488288517067296e-06
-5.007021588214094825e-07
-3.802073827232994270e-08
0.000000000000000000e+00
