2.730555685119011144e+01
2.726620447260347291e+01
2.719453101622376323e+01
2.710381596277002103e+01
2.700873208889442978e+01
2.692113882385743651e+01
2.684816592861927376e+01
2.679238619050835268e+01
2.675304076426949251e+01
2.672744797639008851e+01
2.671218034854835821e+01
2.670390154630281643e+01
2.669986786547391944e+01
2.669812613652026911e+01
2.669747060928336424e+01
2.669726001685296168e+01
2.669720386813265378e+01
2.669719193703189575e+01
2.669719004210856639e+01
2.669718984208914492e+01
2.669718983156180059e+01
