-2.202065498689859402e-01
-4.347016512061597782e-01
-4.077099306134182588e-01
-4.520958049948605173e-01
-4.257285925297134010e-01
-4.294176314620352097e-01
-5.987622987941247921e-01
-2.494569726115270225e-01
-4.090427776496642354e-01
-3.854971118677013586e-01
-3.854858974229902757e-01
-3.881252563543136080e-01
-4.463194442160385300e-01
-3.468452810144677101e-01
-3.078258216193691665e-01
-3.159419204363121958e-01
-3.235232671612011668e-01
-3.192202446133604599e-01
1.949005671491012837e-01
-1.835810850739779954e-01
-2.433930719769973050e-01
-2.253167002437354571e-01
-2.277375077912344170e-01
-2.287392365258898719e-01
-2.803061731112762023e-01
-2.617701296004203426e-01
-1.761271980588452468e-01
-1.355138716167909874e-01
-1.300437945072134838e-01
-1.342750226880901621e-01
-2.775834834995202227e-01
-9.090738360155659753e-03
-2.024993286409154311e-02
-3.110488084965963920e-02
-5.492922215546860998e-02
-4.997056920980865596e-02
8.446689695034742540e-02
-2.163997077861951890e-01
5.670670985697719158e-02
2.776523366108443747e-02
1.999364423965585558e-02
1.997704769889916548e-02
1.411178855510692443e-01
1.481824220374147183e-01
9.008181122288894116e-02
7.804204392273196567e-02
7.318838850430932352e-02
7.223715237230091124e-02
9.482910622280957269e-02
-6.652527283695451599e-02
1.077529159412685122e-01
1.064226075620266776e-01
1.084502095564520291e-01
1.109800289678968405e-01
-4.677559520647960045e-02
1.390775707766987446e-01
1.754190215225772953e-01
1.575027940395437587e-01
1.379583542082870595e-01
1.390097260504254417e-01
1.985938209183623904e-01
1.523720094439645067e-01
1.559486127478387496e-01
1.597607611696307828e-01
1.558343646409294236e-01
1.518567010852890919e-01
8.542031648666695287e-03
3.396607014799821189e-01
1.976659214153349831e-01
1.759035348299783641e-01
1.590761993521402351e-01
1.585486126253139172e-01
1.685738616540176926e-01
2.288100579682272595e-01
1.368546790797780799e-01
1.689903325926687128e-01
1.620095391771753379e-01
1.636645265627897083e-01
-5.535974535806712643e-02
1.191770492157078615e-01
1.716446336710880927e-01
1.656963367837113732e-01
1.648358565139479148e-01
1.657720807905836147e-01
1.039453504539406964e-01
2.989979864815777155e-01
1.589327347312085581e-01
1.603014732806742615e-01
1.699484871549263865e-01
1.668190567298818705e-01
-2.050863293702560042e-01
1.464630429144522239e-01
1.212476514965750846e-01
1.603974552830924050e-01
1.663967742173271258e-01
1.668228895413280122e-01
6.017005027737424433e-02
1.524001928060686739e-01
1.036752979543140302e-01
1.464878835455457606e-01
1.683841844854301883e-01
1.666652105365714898e-01
2.248163535924202136e-02
-8.155105367065906483e-03
1.947509294200947816e-01
1.721352535548062168e-01
1.643053891062293825e-01
1.669384911269527760e-01
-2.307439903255723845e-01
2.895785163633411985e-01
2.556272594794880559e-01
1.865389378362826700e-01
1.633671557755767834e-01
1.641547154163673639e-01
4.273758085425577447e-01
2.006817221161638076e-01
1.581467466556503720e-01
1.563760830137362612e-01
1.693043894634157220e-01
1.660813360014076756e-01
-1.506256296908397574e-01
1.216866761590229551e-01
1.804596002247493836e-01
1.656205309190649233e-01
1.655114919725974021e-01
1.671637728033193437e-01
