-5.160229247107273043e-01
-4.764325413743937254e-01
-3.425711288243925012e-01
-2.467998011284001092e-01
-1.370700065143312663e-01
1.277177671754604893e-02
1.326266745661381363e-01
1.667370182956181279e-01
2.167759973879306024e-01
2.554481700056981386e-01
3.225836143132076450e-01
2.633221553678213311e-01
2.626860861392601998e-01
2.906860235432236483e-01
2.741473293836436120e-01
2.777069472522366023e-01
3.280966186146934138e-01
2.921920525697562776e-01
3.030974362642753772e-01
3.242722063162245538e-01
2.775138804846956631e-01
