-1.721454584327050785e+00
-1.488007542909598024e+00
-1.380083568534684613e+00
-1.274064243764390314e+00
-9.132740831942653958e-01
-6.200989774260258214e-01
-5.344146846509910675e-01
-2.686215731124984019e-01
-1.445000441610539699e-01
-1.026071070464327495e-01
-4.833970071433405652e-02
-2.134351816056829707e-02
-9.427653812250766027e-03
-2.703353694492581852e-03
-8.262665704051472488e-04
-2.120730716232331831e-04
-4.089089092518628977e-05
-7.908495931518251523e-06
-6.507684552400984807e-07
-3.116424482423133518e-08
0.000000000000000000e+00
