2.755493235484152237e+01
2.750309359270201881e+01
2.740881730947903705e+01
2.728977186527399823e+01
2.716535097280702260e+01
2.705108048946764399e+01
2.695617020171097167e+01
2.688383979610436469e+01
2.683297377389055427e+01
2.679998071144030192e+01
2.678034373743156138e+01
2.676971259189352281e+01
2.676453756911286774e+01
2.676230403871668884e+01
2.676146357869569670e+01
2.676119359468927783e+01
2.676112161241758969e+01
2.676110631691516062e+01
2.676110388765303583e+01
2.676110363123129687e+01
2.676110361773542223e+01
