-5.409824213023837203e-01
-2.125409175437949771e-01
-3.928130825574897150e-02
-7.890489852879819382e-03
-2.313791012728398135e-03
-8.962101788811773807e-04
-4.199310393616102321e-04
-2.420263751030914676e-04
-1.578304596778139863e-04
-9.868714029081740056e-05
-7.352879786227467995e-05
-4.890027929892977801e-05
-3.018778855775091751e-05
-4.133986104372639576e-05
-1.434057797129888425e-05
-5.234842993367136102e-06
-1.491312196799801250e-05
-1.203517730280379575e-05
1.115892933167995209e-05
-7.039640331249299783e-06
-4.359681865518933592e-06
