-9.176250672031436295e+00
-3.813578302487166116e+00
-3.136579120583397051e-01
-3.474470609351656969e-02
-6.659623151226576332e-03
-1.888165315627965413e-03
-7.014068902782485959e-04
-3.341907619752171321e-04
-1.884283733431246777e-04
-1.180326143506577052e-04
-7.943972124272932755e-05
-5.621188050230346844e-05
-4.112162872667649016e-05
-3.066520449855961172e-05
-2.301279720410415175e-05
-1.714707538536322518e-05
-1.247094281397499727e-05
-8.617053234186849986e-06
-5.349967531645925811e-06
-2.513322275175290665e-06
0.000000000000000000e+00
