6.691514357223387321e+01
6.643230547383248563e+01
6.624372619607858326e+01
6.621213369008731320e+01
6.620655370855773469e+01
6.620511769856811668e+01
6.620465199415694713e+01
6.620446658499345460e+01
6.620437705375891824e+01
6.620432783750223393e+01
6.620429827987885574e+01
6.620427926549429287e+01
6.620426632661886401e+01
6.620425710432573396e+01
6.620425027441000054e+01
6.620424505298591100e+01
6.620424095398767861e+01
6.620423766356405793e+01
6.620423497177509375e+01
6.620423273378646911e+01
6.620423084694120064e+01
