4.034461301689869742e+03
4.011939233032801440e+03
3.984303253126089203e+03
3.956157753228513229e+03
3.930863344643350047e+03
3.910156478087512824e+03
3.894451179399217381e+03
3.883338194598287373e+03
3.876004449903825844e+03
3.871514933324881895e+03
3.868987383641925589e+03
3.867692657045642136e+03
3.867096547635451316e+03
3.866853271989580207e+03
3.866766710674593469e+03
3.866740410519414127e+03
3.866733775762624646e+03
3.866732441265829948e+03
3.866732240566971086e+03
3.866732220499874984e+03
3.866732219499157509e+03
