4.048569985858686778e+03
4.025920857723626341e+03
3.998085201907841565e+03
3.969687138489973222e+03
3.944124147754059777e+03
3.923168830585897922e+03
3.907258399626134633e+03
3.895991780678009036e+03
3.888552875072610277e+03
3.883997522700130958e+03
3.881432425272758792e+03
3.880118331031118032e+03
3.879513274078789436e+03
3.879266341387246939e+03
3.879178478068792629e+03
3.879151782242527588e+03
3.879145047663644618e+03
3.879143693088634336e+03
3.879143489370151201e+03
3.879143469001121957e+03
3.879143467985350526e+03
