4.546419744195593360e+00
4.531472512490855920e+00
4.517122622022306189e+00
4.503345588261362664e+00
4.490117271177608060e+00
4.477414008593703976e+00
4.465212722703571835e+00
4.453491002655560749e+00
4.442227166177545428e+00
4.431400303141116659e+00
4.420990303784907205e+00
4.410977874084943906e+00
4.401344540502144298e+00
4.392072646074081099e+00
4.383145339563025544e+00
4.374546559133147383e+00
4.366261011810984805e+00
4.358274149787023433e+00
4.350572144442528710e+00
4.343141858834052904e+00
4.335970819236691476e+00
