4.073750003172565357e+03
4.050312667888033502e+03
4.021518685548549911e+03
3.992154637978521350e+03
3.965731856276011968e+03
3.944078271079587012e+03
3.927641409408655363e+03
3.916003868854835218e+03
3.908320872472168048e+03
3.903616358092740938e+03
3.900967370659585868e+03
3.899610328042022957e+03
3.898985502503572206e+03
3.898730503118723846e+03
3.898639769680221434e+03
3.898612201831932452e+03
3.898605247268551466e+03
3.898603848446502070e+03
3.898603638073584534e+03
3.898603617039216260e+03
3.898603615990259186e+03
