-6.823022382543392217e-01
-3.563735897498330751e-01
-1.039347371020256025e-02
-7.945178647498815205e-04
-1.935263886879384602e-04
-6.549942554018879767e-05
-3.108007748748219058e-05
-2.582176155612381899e-05
-5.618483583655295952e-06
-2.223721756120379439e-05
-1.604008845289572633e-05
3.379146998553299698e-05
-1.967697571830343095e-05
-9.982818401168316982e-06
-1.854780431381437345e-05
-1.767384268573121456e-05
-9.365369947132423097e-06
-1.472357521537525289e-05
-1.608191763003495359e-05
-1.755519027284470143e-05
-1.786835904325662184e-05
