-1.298141831393810364e+01
-9.068292651889180433e+00
-4.938997382895859989e-02
-1.155922395471034592e-03
-1.605884125036576709e-04
-4.170353084951422540e-05
-1.492169366280708676e-05
-6.458902563085018589e-06
-3.048447122142548815e-06
-1.460469276854357845e-06
-6.766547878631632221e-07
-2.926958242608843075e-07
-1.148964038222158660e-07
-3.989191673631317832e-08
-1.193160105850838966e-08
-2.980021488609752202e-09
-5.958509591945348441e-10
-8.937275782001715659e-11
-8.937198183840705330e-12
-4.468595005198140400e-13
0.000000000000000000e+00
