6.946907230828537649e+01
6.886501272673211815e+01
6.852144794292472341e+01
6.851191535076735306e+01
6.851129788505811291e+01
6.851117785798066961e+01
6.851114324511296161e+01
6.851113022547278320e+01
6.851112439410297839e+01
6.851112152818359391e+01
6.851112007870214882e+01
6.851111936137725422e+01
6.851111902782710672e+01
6.851111888688683393e+01
6.851111883431381955e+01
6.851111881747871735e+01
6.851111881299453898e+01
6.851111881204194276e+01
6.851111881189065400e+01
6.851111881187468100e+01
6.851111881187384256e+01
