-3.553084459481915314e+00
-3.150708823932353297e+00
-2.672923459175744032e+00
-2.200371795016094367e+00
-1.690018157994058523e+00
-1.184776919476832280e+00
-7.676551866518632750e-01
-4.707990872098815061e-01
-2.644867667219098495e-01
-1.324196303777362971e-01
-6.528881047368420565e-02
-2.809642374889139219e-02
-1.077590283654884448e-02
-3.450766783025933232e-03
-9.701559889138947805e-04
-2.432785604048001043e-04
-4.382378639252538171e-05
-6.240362910516288529e-06
-6.039738189444800187e-07
-2.875496129238461890e-08
0.000000000000000000e+00
