4.423135258959545979e+01
4.404630906844233351e+01
4.381522734984744005e+01
4.357466457838706475e+01
4.335335071489522818e+01
4.316814548950456754e+01
4.302503620930222894e+01
4.292230715238281391e+01
4.285381824869437395e+01
4.281161039496560505e+01
4.278775230862932233e+01
4.277550418064511462e+01
4.276985881357217067e+01
4.276755378724173795e+01
4.276673346573383583e+01
4.276648420895880065e+01
4.276642132759394599e+01
4.276640867975017812e+01
4.276640677760249787e+01
4.276640658741411016e+01
4.276640657792965072e+01
