4.386703501751004808e+01
4.370453162418149873e+01
4.350419705133501935e+01
4.330008503108778228e+01
4.311826637703930487e+01
4.297254734362754647e+01
4.286551338445849524e+01
4.279249907362596161e+01
4.274590237274495053e+01
4.271809695218328073e+01
4.270270299802061231e+01
4.269489313250741702e+01
4.269131493932023602e+01
4.268985787168674761e+01
4.268933987508661687e+01
4.268918253776292460e+01
4.268914284963577188e+01
4.268913486704307303e+01
4.268913366652263619e+01
4.268913354648731229e+01
4.268913354050130238e+01
