6.374990011494190867e+01
6.351223491185075432e+01
6.321151431297361967e+01
6.289391452597158860e+01
6.259772310000015239e+01
6.234696494572634151e+01
6.215142648555487170e+01
6.201011850777199186e+01
6.191547475642748566e+01
6.185697615369474534e+01
6.182385176264577353e+01
6.180683032944064337e+01
6.179898116390545226e+01
6.179577564634531939e+01
6.179463476069990691e+01
6.179428808993277755e+01
6.179420063269047603e+01
6.179418304166429010e+01
6.179418039609535640e+01
6.179418013157513201e+01
6.179418011838384217e+01
