6.297878437671837304e+01
6.274890861709354084e+01
6.245914938802928162e+01
6.215435224534041936e+01
6.187113090996440690e+01
6.163206216331272458e+01
6.144605535311229261e+01
6.131184863861587075e+01
6.122205649935222027e+01
6.116659370668445206e+01
6.113520062399994970e+01
6.111907226743649346e+01
6.111163570724517058e+01
6.110859883405196058e+01
6.110751799079730517e+01
6.110718956661997225e+01
6.110710671273251648e+01
6.110709004762594532e+01
6.110708754130914855e+01
6.110708729071221512e+01
6.110708727821523922e+01
