4.270210998708131811e+00
4.258632371741551736e+00
4.247497136602394363e+00
4.236786587993269571e+00
4.226482531503938489e+00
4.216567331391460449e+00
4.207023945059138903e+00
4.197835946201256441e+00
4.188987538395392285e+00
4.180463560733610251e+00
4.172249486896792092e+00
4.164331418898720827e+00
4.156696076561359199e+00
4.149330783632339426e+00
4.142223451320239391e+00
4.135362559903009938e+00
4.128737138959045261e+00
4.122336746678089803e+00
4.116151448629207898e+00
4.110171796294281421e+00
4.104388805616678404e+00
