4.153197218833565216e+02
4.135146498932116401e+02
4.112955629392240553e+02
4.090286274773310993e+02
4.069833593660194992e+02
4.053021325579376253e+02
4.040222115025007383e+02
4.031138012909706276e+02
4.025129899893726133e+02
4.021446473304517326e+02
4.019370886299767562e+02
4.018307150239402858e+02
4.017817271416261065e+02
4.017617327164424523e+02
4.017546180774909317e+02
4.017524563858455053e+02
4.017519110521749326e+02
4.017518013651412616e+02
4.017517848689861353e+02
4.017517832195996448e+02
4.017517831373465356e+02
