4.303210030249476681e+00
4.291304185948006555e+00
4.279843466141009856e+00
4.268810042663476523e+00
4.258186477079014765e+00
4.247955775439806736e+00
4.238101431603509717e+00
4.228607460093052772e+00
4.219458419616797684e+00
4.210639428404830298e+00
4.202136172493556643e+00
4.193934908027938668e+00
4.186022458565116011e+00
4.178386208266554824e+00
4.171014091765833598e+00
4.163894581401236472e+00
4.157016672409600488e+00
4.150369866592243717e+00
4.143944154886270326e+00
4.137729999205335574e+00
4.131718313852908331e+00
