4.421482066337370611e+02
4.398275031576794731e+02
4.369422394033942965e+02
4.339586237446925452e+02
4.312361293263850257e+02
4.289770308599819941e+02
4.272446913477066914e+02
4.260087841672697095e+02
4.251885051747798911e+02
4.246844990120255261e+02
4.244001252353799032e+02
4.242542812671312618e+02
4.241870928841784689e+02
4.241596656916459551e+02
4.241499056521811326e+02
4.241469401281955811e+02
4.241461920058397936e+02
4.241460415301831972e+02
4.241460188997012892e+02
4.241460166369666922e+02
4.241460165241268783e+02
