6.963806117533160034e+01
6.910367453694749429e+01
6.886639943938330077e+01
6.875831469921524786e+01
6.875116058712214340e+01
6.874962742319533504e+01
6.874903263349058591e+01
6.874872495797153249e+01
6.874855172487525579e+01
6.874844965686661169e+01
6.874838682015463576e+01
6.874834639346829590e+01
6.874831928535034820e+01
6.874830041844819561e+01
6.874828684953551772e+01
6.874827680720638057e+01
6.874826918673296916e+01
6.874826327627367561e+01
6.874825860336099481e+01
6.874825484592821567e+01
6.874825177910017260e+01
