6.951411820309837708e+01
6.884063408440033527e+01
6.842625465869636514e+01
6.837670939564200978e+01
6.837097746329787640e+01
6.836961646780490298e+01
6.836913703954822097e+01
6.836891867505174503e+01
6.836880195871773935e+01
6.836873310714960894e+01
6.836868950338303819e+01
6.836866036931166946e+01
6.836864011417944198e+01
6.836862560045683779e+01
6.836861494247138182e+01
6.836860694706798824e+01
6.836860083165892377e+01
6.836859606957695235e+01
6.836859229916106528e+01
6.836858926767277467e+01
6.836858679559919949e+01
