6.649858299732240141e+01
6.586328103979511184e+01
6.542993184835653153e+01
6.533264870445165684e+01
6.531618205838836388e+01
6.531141989840463680e+01
6.530970243321661428e+01
6.530900735382579114e+01
6.530868645836677899e+01
6.530851536479315200e+01
6.530841337868284313e+01
6.530834769119314842e+01
6.530830293710606327e+01
6.530827109355351467e+01
6.530824763038015135e+01
6.530822983432558715e+01
6.530821600266006044e+01
6.530820502501239844e+01
6.530819615345718887e+01
6.530818886995852779e+01
6.530818280685896582e+01
