7.378102973009330867e+01
7.324965451188495535e+01
7.313623407860141867e+01
7.313102000687082693e+01
7.313040978714776941e+01
7.313025843666915193e+01
7.313019986700140862e+01
7.313017309709861991e+01
7.313015987055810285e+01
7.313015286848009566e+01
7.313014890206932250e+01
7.313014651207464567e+01
7.313014499223842790e+01
7.313014398007616990e+01
7.313014327890050481e+01
7.313014277648501604e+01
7.313014240587739323e+01
7.313014212553598270e+01
7.313014190877831311e+01
7.313014173793425243e+01
7.313014160098020966e+01
