6.697876319080607743e+01
6.628385258402731495e+01
6.595502351947031627e+01
6.592597058474127891e+01
6.592172544495370801e+01
6.592064217551549632e+01
6.592019155912088024e+01
6.591996116055494781e+01
6.591983199025644069e+01
6.591975459046634001e+01
6.591970535045456359e+01
6.591967227596921930e+01
6.591964897671557821e+01
6.591963188394107931e+01
6.591961890921102452e+01
6.591960877488654091e+01
6.591960066690994324e+01
6.591959404734380712e+01
6.591958854903671750e+01
6.591958391414335949e+01
6.591957995696118644e+01
