2.589029578422461952e+01
2.585982900937417384e+01
2.583028402614509389e+01
2.580163478567489932e+01
2.577385603090153410e+01
2.574692328311513378e+01
2.572081282880539277e+01
2.569550170537950251e+01
2.567096768640156057e+01
2.564718926478344940e+01
2.562414563599704564e+01
2.560181667903602687e+01
2.558018293701253398e+01
2.555922559596957910e+01
2.553892646285568446e+01
2.551926794273753529e+01
2.550023301395323472e+01
2.548180520378703307e+01
2.546396856252432528e+01
2.544670763579396677e+01
2.543000743817310649e+01
