2.778513018978888383e+01
2.774447824588163769e+01
2.770486765476896807e+01
2.766627033191667806e+01
2.762865880022010145e+01
2.759200619118232822e+01
2.755628624854200481e+01
2.752147332988085182e+01
2.748754240958291817e+01
2.745446907902111988e+01
2.742222954755774111e+01
2.739080064120548386e+01
2.736015980121483793e+01
2.733028508073471841e+01
2.730115514093469287e+01
2.727274924588974514e+01
2.724504725709512343e+01
2.721802962431403472e+01
2.719167738177731763e+01
2.716597213423686696e+01
2.714089605402298844e+01
