2.822445727748733191e+01
2.817901285831060676e+01
2.813481204813127690e+01
2.809181376340745828e+01
2.804997830085415345e+01
2.800926731147932003e+01
2.796964377291582693e+01
2.793107195961096068e+01
2.789351741090333903e+01
2.785694689998203444e+01
2.782132840042965327e+01
2.778663105333721361e+01
2.775282513429228715e+01
2.771988202043065286e+01
2.768777415842252410e+01
2.765647503190559320e+01
2.762595913074638077e+01
2.759620192099028912e+01
2.756717981573077125e+01
2.753887014647192544e+01
2.751125113690942570e+01
