2.810138134358920681e+01
2.806113272621797705e+01
2.802211111197252080e+01
2.798428081219885044e+01
2.794760717083338264e+01
2.791205654380330259e+01
2.787759627587709943e+01
2.784419467525490788e+01
2.781182098639838074e+01
2.778044536013594978e+01
2.775003882215879614e+01
2.772057324070119222e+01
2.769202129152266068e+01
2.766435642314257137e+01
2.763755282107508293e+01
2.761158537093711374e+01
2.758642962353808770e+01
2.756206175792677726e+01
2.753845854856041342e+01
2.751559733008589959e+01
2.749345596801935443e+01
