2.954680110496365941e+01
2.949937230216727357e+01
2.945374459218846752e+01
2.940989264075304988e+01
2.936779232706944143e+01
2.932742062399709226e+01
2.928875539800291250e+01
2.925177511977266676e+01
2.921645848042036420e+01
2.918278390793294363e+01
2.915072898988161398e+01
2.912026980956742506e+01
2.909138022176896143e+01
2.906403110173767956e+01
2.903818962130192105e+01
2.901381861347612201e+01
2.899087609663499876e+01
2.896931502443720774e+01
2.894908331690200853e+01
2.893012419572247040e+01
2.891237681658407510e+01
