-1.248617460417967617e+00
-9.354735464652149668e-01
-9.394807710017405444e-01
-5.538270243769478629e-01
-3.931982910946321130e-01
-3.625233319857259495e-01
-1.005698021610445803e-01
-2.590630877948876809e-01
1.385087098478768874e-01
9.929413343559738425e-02
1.817280835132281114e-01
2.732112745573099799e-01
7.819880258253923688e-02
4.077107004053321382e-01
3.080319058613521510e-01
3.739752834753954161e-03
1.649849118258456260e-01
2.430860147857763498e-01
6.904631041159300930e-02
3.469234280451671260e-01
3.784092390351537216e-01
